,Layer,Name,GEOID,Population,Longitude,Latitude,UMP_2017-2021,PCI_2017-2021,EDB_2017-2021,HTJ_2017-2021,POV_2017-2021,composite_score
0,Community area,Rogers Park,1,52772,-87.670171,42.00963,5.090518738,33201.74881,88.36267544,6.336642155,21.46204654,-0.6618643062966438
1,Community area,Norwood Park,10,41109,-87.803451,41.985248,4.461458641,48391.61251,92.77003309,1.535797644,6.857635965,-2.0669751471045466
2,Community area,Jefferson Park,11,26201,-87.771165,41.978836,5.730528408,39216.83407,92.49354928,2.385966913,8.873097794,-1.7004834466567464
3,Community area,Forest Glen,12,19579,-87.758358,41.993938,4.391515008,64378.48281,94.80367529,1.187435225,3.327424599,-2.394635026589066
4,Community area,North Park,13,17522,-87.723578,41.983651,3.579562834,34841.21698,86.14568654,4.578302451,15.11288669,-1.45336790048282
5,Community area,Albany Park,14,48549,-87.721558,41.968078,6.666051739,34864.51429,79.56452363,5.149534687,13.65700001,-1.1337330614383139
6,Community area,Portage Park,15,63038,-87.763401,41.954043,5.617816301,34787.77796,87.73440316,3.845212563,8.241121057,-1.7737664268426625
7,Community area,Irving Park,16,51911,-87.723457,41.953589,6.445245501,41859.41473,86.43669892,2.494706749,9.623948756,-1.5286325144854693
8,Community area,Dunning,17,43120,-87.806015,41.946522,4.894008255,36325.45542,89.47569922,2.324104068,7.656248474,-1.9320190255687124
9,Community area,Montclare,18,14412,-87.798033,41.929306,5.362294047,29696.62546,78.87935007,2.367757934,11.86472994,-1.485218133847141
10,Community area,Belmont Cragin,19,78151,-87.765502,41.927275,5.366107536,22851.38175,69.38114996,7.547317188,14.92943996,-1.2090712929617795
11,Community area,West Ridge,2,77139,-87.695017,42.001583,6.662869942,28815.83038,82.8807016,8.160152416,17.05835618,-0.8283348869103465
12,Community area,Hermosa,20,24127,-87.734741,41.924353,4.781529634,25612.24396,72.24804893,6.884952693,13.87729517,-1.3890184794648839
13,Community area,Avondale,21,36245,-87.711219,41.938673,5.01250923,39948.79017,84.87818618,2.095916644,11.92348227,-1.530995127325176
14,Community area,Logan Square,22,71742,-87.699149,41.922768,3.78858402,57631.03685,92.06200352,1.837736033,11.00051428,-1.792655678313006
15,Community area,Humboldt Park,23,53832,-87.720917,41.90008,10.93553548,23524.43846,75.11986378,5.112893431,23.44130213,0.36935047197163046
16,Community area,West Town,24,87942,-87.676358,41.901216,3.498309222,73243.64059,94.88735522,1.441607822,8.993107201,-2.015542396570489
17,Community area,Austin,25,96753,-87.763117,41.894113,13.75681153,22701.89435,83.20464371,3.786221761,25.39918433,0.9572494117004031
18,Community area,West Garfield Park,26,17423,-87.730233,41.878602,22.69751365,16623.80949,76.45927019,6.195782125,31.12082726,2.7768896943367363
19,Community area,East Garfield Park,27,19995,-87.705892,41.878923,20.28877358,17190.75749,80.7955999,3.448949794,43.97508305,3.58117387438815
20,Community area,Near West Side,28,67817,-87.663513,41.874016,7.07704747,67041.94939,94.37675831,4.367500083,17.68378859,-0.7116336515950807
21,Community area,North Lawndale,29,34817,-87.717218,41.860197,17.89954194,18358.37529,80.57174747,4.542735073,36.65710502,2.574343270042888
22,Community area,Uptown,3,52255,-87.655899,41.965822,4.307893333,44919.13741,90.58417624,3.902669787,21.32208299,-0.7886949528359493
23,Community area,South Lawndale,30,71402,-87.714,41.839091,10.48448589,17009.3078,61.7647545,7.653678301,23.86305338,0.3414334598175944
24,Community area,Lower West Side,31,33716,-87.66757,41.850277,6.343332772,32018.18684,76.05443318,5.251532016,14.39779894,-1.1142269120770845
25,Community area,Loop,32,39135,-87.625194,41.878881,6.294112267,105487.5827,97.24545252,4.752708645,9.454644066,-1.5659188636392958
26,Community area,Near South Side,33,27044,-87.620344,41.857196,2.039007711,92676.23456,94.60594651,2.795774382,5.977737771,-2.4997188076552295
27,Community area,Armour Square,34,13847,-87.633976,41.842083,7.952565941,26594.63189,64.88398674,3.663727215,25.72230075,0.13902413090801957
28,Community area,Douglas,35,17630,-87.61868,41.835122,16.34140627,29886.18773,87.75345369,3.303418768,31.26632492,1.8621336416147007
29,Community area,Oakland,36,4280,-87.603217,41.823754,25.67710604,27970.20441,91.6445546,1.376307764,35.39121853,3.595848481388579
30,Community area,Fuller Park,37,2549,-87.632427,41.809082,32.51873932,14651.78058,77.85151214,1.242357651,47.84249845,5.714228961607388
31,Community area,Grand Boulevard,38,24586,-87.61786,41.812947,14.70779136,32259.32034,87.92637792,1.559403471,26.20470776,1.1685054083691333
32,Community area,Kenwood,39,14716,-87.596186,41.808918,12.17223928,50263.55995,93.75561829,1.875576452,27.25985542,0.8932582282908584
33,Community area,Lincoln Square,4,40412,-87.687513,41.975182,5.865554326,52934.38632,93.79216466,2.373696549,8.521221015,-1.7124149633876211
34,Community area,Washington Park,40,12709,-87.617936,41.792356,20.84431992,16609.69338,82.93398514,2.785849552,47.35182522,3.965919618711422
35,Community area,Hyde Park,41,23914,-87.592305,41.794088,7.905572764,49798.33325,96.49394341,0.950540349,23.42843353,-0.0741088508876514
36,Community area,Woodlawn,42,24630,-87.594924,41.778877,18.51406061,22213.15499,85.96066579,2.782649694,29.96749589,2.062493687898139
37,Community area,South Shore,43,45611,-87.57279,41.761583,16.96990763,26985.81938,90.0676817,3.158102627,31.36151417,1.9624395895068598
38,Community area,Chatham,44,31804,-87.615965,41.740206,14.32516402,27688.86281,87.4706124,1.678227856,22.86152788,0.812019751077924
39,Community area,Avalon Park,45,9359,-87.586347,41.744197,13.46870301,29963.13679,90.0057806,1.127128455,18.36917403,0.283027692015835
40,Community area,South Chicago,46,25975,-87.551435,41.741243,16.95829249,20698.05307,79.60934812,4.175728965,30.0933532,1.8467062894461241
41,Community area,Burnside,47,2514,-87.59647,41.728181,21.45450498,25077.0153,85.48783192,3.256742724,17.12942131,1.3372807009327934
42,Community area,Calumet Heights,48,13085,-87.57272,41.729673,9.139810303,36916.00877,94.98384213,0.786456112,11.95819652,-0.9253861920136208
43,Community area,Roseland,49,38934,-87.623366,41.706588,18.7057973,22316.62591,85.98278672,2.117614851,21.24766058,1.3063625275635944
44,Community area,North Center,5,35150,-87.683839,41.947811,3.658630109,81258.30324,96.4286159,0.626958982,4.342606231,-2.4103297823924676
45,Community area,Pullman,50,6866,-87.598252,41.706131,15.38311681,29800.7872,89.21903043,1.279266877,16.73961795,0.41595058164394005
46,Community area,South Deering,51,14125,-87.570058,41.690639,13.51342207,21184.02736,80.92139877,1.778087292,33.19274741,1.6225466464734515
47,Community area,East Side,52,21529,-87.534907,41.707306,8.017101827,22253.06391,73.97717196,4.711463898,16.34591704,-0.6947145886858688
48,Community area,West Pullman,53,25788,-87.635745,41.67382,19.40199683,23641.13559,87.74092034,3.077973397,23.09441783,1.5740583215613533
49,Community area,Riverdale,54,7229,-87.602849,41.660137,26.290461,13005.33083,86.87277576,6.384126389,50.93792262,5.08340129715404
50,Community area,Hegewisch,55,9884,-87.556803,41.668188,11.31368591,29308.18702,86.99633304,0.915464338,15.98822945,-0.2456567149232103
51,Community area,Garfield Ridge,56,35352,-87.764246,41.796185,7.524934028,34030.37114,82.05053225,2.9722045,7.685240022,-1.545359722417764
52,Community area,Archer Heights,57,14282,-87.726365,41.810873,11.40344989,23048.93405,73.76390163,11.18827201,8.464586687,-0.9091073553543902
53,Community area,Brighton Park,58,45141,-87.698859,41.817364,9.627386921,18527.21577,69.34625271,7.427134607,21.84496589,0.034843539165430676
54,Community area,McKinley Park,59,15927,-87.6725,41.829927,7.491057324,28499.42924,76.84056108,4.934648997,11.78254893,-1.1818596030704371
55,Community area,Lake View,6,91836,-87.656001,41.944236,3.861992159,80347.6965,98.12066168,1.52952396,8.228447608,-2.031214425353356
56,Community area,Bridgeport,60,33593,-87.648784,41.836151,6.440177143,35270.95164,81.38393263,3.049585828,14.13607723,-1.123624941736018
57,Community area,New City,61,43510,-87.659171,41.809017,15.37761684,19238.66519,67.09895602,5.556909868,29.71357244,1.5818141246666815
58,Community area,West Elsdon,62,18249,-87.724213,41.792977,10.28330786,25689.4214,73.74741006,4.039600038,12.71630832,-0.6902906397308122
59,Community area,Gage Park,63,39439,-87.696433,41.795429,16.20904179,17450.24882,68.60188319,7.574770414,16.949239,0.5553657934941881
60,Community area,Clearing,64,24519,-87.768517,41.779582,8.479568901,29697.88553,87.17906731,2.545466882,5.726782208,-1.5821176856127626
61,Community area,West Lawn,65,33543,-87.726927,41.769774,10.3934167,24515.85154,73.91259957,6.907929436,14.87248,-0.480326376655308
62,Community area,Chicago Lawn,66,55789,-87.695667,41.771849,18.15504173,18542.82579,75.77743561,4.423698274,22.39493031,1.3291321550271789
63,Community area,West Englewood,67,29899,-87.666598,41.775926,23.31924678,17903.49565,78.83243854,2.815371426,32.61765646,3.002248337725187
64,Community area,Englewood,68,24322,-87.642502,41.777201,24.71014726,16251.85261,80.00828955,0.701932137,39.65116955,3.8377663071130743
65,Community area,Greater Grand Crossing,69,31543,-87.616139,41.763251,19.29975263,21417.20775,88.64281708,2.344828448,34.18243411,2.556208917256796
66,Community area,Lincoln Park,7,63433,-87.649491,41.922696,3.489573083,98329.16193,97.81870976,1.023980468,8.306923892,-2.0785218280566635
67,Community area,Ashburn,70,41280,-87.708363,41.745756,11.87710116,25889.71966,80.42785861,3.654457812,13.41998358,-0.3943578093768013
68,Community area,Auburn Gresham,71,44959,-87.656305,41.744203,19.56297551,21743.74068,85.86282491,2.129990535,25.43022127,1.807601523571748
69,Community area,Beverly,72,19950,-87.675072,41.713148,7.778993962,56507.91793,96.99906228,0.905615563,6.58117003,-1.6075551390575573
70,Community area,Washington Heights,73,25075,-87.648897,41.717495,14.77655496,25990.7148,89.2731026,0.929728418,16.88485533,0.34046733763788806
71,Community area,Mount Greenwood,74,18633,-87.713189,41.694876,5.483331149,43976.54689,95.50319498,2.206047586,4.955756191,-2.088830314284465
72,Community area,Morgan Park,75,21714,-87.669062,41.689729,10.65424841,35754.27987,92.75343899,1.381002009,12.14982126,-0.6870828167398667
73,Community area,O'Hare,76,14416,-87.893699,41.975696,4.767932243,37055.06326,90.44667066,3.964240941,12.00856548,-1.5590465214435199
74,Community area,Edgewater,77,47343,-87.663419,41.986719,6.336742411,50059.09622,92.6024208,3.343485073,14.98240931,-1.0626186009865088
75,Community area,Near North Side,8,95467,-87.633318,41.899611,2.747999534,111613.5551,98.10364811,1.925688962,9.619736537,-2.068720827609856
76,Community area,Edison Park,9,11521,-87.81378,42.007627,2.229856551,57691.04038,96.06131508,0.979060351,4.982643432,-2.561342035642803
